((("¬val" .
   [2 0 0 0])
  ("val" .
   [4 0 0])
  ("flv" .
   [1 0 0])
  ("inrv" .
   [2 0 0 0])
  ("inrt" .
   [1 0 0 0])
  ("trv" .
   [1 0 0])
  ("proj₉" .
   [1 0 0 0 0])
  ("proj₆" .
   [1 0 0 0 1])
  ("proj₃" .
   [2 0 0 0 0])
  ("natv" .
   [1 0 0 0])
  ("inlv" .
   [2 0 0 0])
  ("interp" .
   [1 0 0 0 0 1])
  ("inlt" .
   [3 0 0 0])
  ("Val" .
   [3 0 0])
  ("Valt" .
   [0 0 0 1])
  ("natt" .
   [2 0 0 0])
  ("isValt" .
   [2 0 1 1 0 0])
  ("inrs" .
   [2 0 0 0])
  ("sum" .
   [4 0 0])
  ("inls" .
   [4 0 0 0])
  ("bools" .
   [1 0 0 0 0])
  ("nats" .
   [3 0 0 0])
  ("ifs" .
   [2 0 0])
  ("electric-pair-mode" .
   [0 0 0 0 0 0 0 0 0 0 0 0 0 0 0 0 0 1])
  ("flp'" .
   [2 0 0 0])
  ("¬fli" .
   [1 0 0 0])
  ("tri" .
   [2 0 0])
  ("¬tri" .
   [2 0 0 0])
  ("¬condbool" .
   [0 0 0 0 0 0 1 0 0])
  ("¬condi" .
   [1 0 0 0 0 0])
  ("at'" .
   [1 0 0])
  ("¬anat" .
   [0 0 0 2 0])
  ("ap'" .
   [3 0 0])
  ("¬bnat" .
   [1 0 0 0 0])
  ("ltr" .
   [2 0 0])
  ("trp'" .
   [4 0 0 0])
  ("¬eq" .
   [1 0 0])
  ("≡?-Type" .
   [2 0 0 0 0 0 0])
  ("infix" .
   [2 0 0 0 0])
  ("condp'" .
   [2 0 0 0 0 0])
  ("condp" .
   [5 0 0 0 0])
  ("flp" .
   [5 0 0])
  ("trp" .
   [7 0 0])
  ("ift" .
   [2 0 0])
  ("bool≢nat" .
   [0 0 0 0 0 1 0 2])
  ("bp'" .
   [3 0 0])
  ("⊥-elim" .
   [1 0 0 0 0 0])
  ("trt'" .
   [1 0 0 0])
  ("deterministic" .
   [0 0 0 4 0 7 0 0 0 0 0 0 0])
  ("yes" .
   [4 0 0])
  ("Dec" .
   [2 0 0])
  ("flt" .
   [11 0 0])
  ("¬flt" .
   [1 0 0 0])
  ("proj₂" .
   [0 0 0 0 4])
  ("¬trt" .
   [1 0 0 0])
  ("trt" .
   [12 0 0])
  ("condt" .
   [7 0 0 0 0])
  ("¬condt" .
   [1 0 0 0 0 0])
  ("proj₁" .
   [2 0 0 0 1])
  ("if-extract" .
   [0 0 0 3 0 1 0 0 0 0])
  ("¬at" .
   [2 0 0])
  ("+-extract" .
   [0 0 0 1 1 0 0 0 0])
  ("¬bt" .
   [3 0 0])
  ("check-dec" .
   [0 0 0 0 0 0 1 0 0])
  (">>=" .
   [8 0 1])
  ("Category" .
   [0 0 0 0 1 0 0 0])
  ("Monad" .
   [1 0 1 0 0])
  ("nothing" .
   [1 0 0 0 0 0 0])
  ("just" .
   [4 0 0 0])
  ("check" .
   [8 0 1 1 1])
  ("Maybe" .
   [4 0 0 4 0])
  ("infer" .
   [2 0 0 0 0])
  ("type" .
   [4 0 0 0])
  ("cond" .
   [14 0 0 2])
  ("bool" .
   [8 0 0 0])
  ("nat" .
   [29 0 0])
  ("boolt" .
   [2 0 0 0 0])
  ("natp" .
   [1 0 0 0])
  ("TypedAst" .
   [0 0 1 1 1 0 0 40])
  ("else" .
   [9 0 0 0])
  ("then" .
   [9 0 0 0])
  ("ifp" .
   [3 0 0])
  ("Ast" .
   [27 0 0])
  ("Conat" .
   [4 0 0 2 0])
  ("Cofin" .
   [1 0 0 1 4])
  ("Good" .
   [3 0 0 1])
  ("NextTo" .
   [0 0 1 5 1 0])
  ("Colour" .
   [0 0 0 3 1 3])
  ("Area" .
   [6 0 0 2])
  ("map" .
   [1 0 0])
  ("append" .
   [0 0 0 1 0 0])
  ("FoldList" .
   [0 0 1 7 0 0 0 0])
  ("Implementations" .
   [0 0 0 1 0 0 0 0 0 0 0 0 0 0 0])
  ("TList" .
   [0 0 2 2 1])
  ("OO-lemma" .
   [2 0 0 0 0 0 0 0])
  ("Bin" .
   [1 0 0])
  ("zipWith" .
   [0 0 0 3 0 0 0])
  ("smap" .
   [3 0 0 0])
  ("tail" .
   [7 0 0 1])
  ("head" .
   [8 0 0 0])
  ("Stream" .
   [0 0 0 1 0 3])
  ("fibs" .
   [1 0 0 0])
  ("PropEq" .
   [0 0 0 0 0 1])
  ("+-comm" .
   [0 0 1 0 0 0])
  ("Nat" .
   [1 0 0])
  ("abc" .
   [1 0 0])
  ("*-left-distr-+" .
   [0 0 0 1 0 0 0 0 0 0 0 0 0 0])
  ("*-assoc" .
   [0 0 0 1 2 0 0])
  ("+-assoc" .
   [0 0 1 1 1 0 0])
  ("Org" .
   [12 0 0])
  ("parityNotNotUnique" .
   [0 0 0 0 0 0 0 1 0 0 0 0 0 0 0 0 0 0])
  ("contra" .
   [2 0 0 0 1 0])
  ("oddProofsDifferent" .
   [0 0 0 0 1 0 0 0 0 0 0 0 0 0 0 0 0 0])
  ("evenProofsDifferent" .
   [0 0 0 0 0 2 0 0 0 0 0 0 0 0 0 0 0 0 1])
  ("prf'" .
   [3 0 0 0])
  ("prf" .
   [7 0 0])
  ("succInjective" .
   [0 0 1 1 4 0 0 0 0 0 0 0 0])
  ("refl" .
   [3 0 0 0])
  ("zeroNotOdd" .
   [0 0 0 0 1 0 0 0 0 0])
  ("Unit" .
   [1 0 0 0])
  ("Data" .
   [17 0 1 0])
  ("notEvenAndOdd" .
   [0 0 0 1 1 0 0 0 0 0 0 0 1])
  ("isEven" .
   [0 0 2 0 0 0])
  ("False" .
   [2 0 0 0 0])
  ("True" .
   [2 0 0 0])
  ("where" .
   [21 0 2 1 0])
  ("Bool" .
   [13 0 0 2])
  ("data" .
   [9 0 0 0])
  ("IsEven" .
   [0 0 2 2 0 0])
  ("Set" .
   [25 0 0])
  ("parityUnique" .
   [0 0 0 0 0 0 0 3 0 0 0 1])
  ("parity" .
   [8 0 0 0 0 1])
  ("plusAssociative" .
   [0 0 0 0 0 1 0 0 0 0 0 0 0 0 1])
  ("multDistrLeft" .
   [0 0 0 3 1 0 0 0 0 0 0 0 0])
  ("infixl" .
   [1 0 0 0 0 0])
  ("sym" .
   [8 0 0])
  ("psuccsucc" .
   [2 0 0 0 0 0 1 0 2])
  ("Even" .
   [12 0 2 0])
  ("Odd" .
   [6 0 0])
  ("psucc" .
   [5 0 0 0 0])
  ("addEvenOdd" .
   [0 0 0 0 0 0 0 0 1 0])
  ("Parity" .
   [4 0 2 12 2 6])
  ("plusCommutative" .
   [0 0 0 0 0 1 0 0 0 0 0 0 0 0 0])
  ("cong" .
   [9 0 0 1])
  ("plusSuccRightSucc" .
   [0 0 0 0 0 6 0 0 0 0 0 0 0 0 0 0 7])
  ("rewrite" .
   [10 0 0 5 2 2 0])
  ("addEvenEvenLemma" .
   [0 0 0 0 1 0 0 0 0 0 0 0 0 0 0 1])
  ("Binary" .
   [0 0 1 2 0 0])
  ("Relation" .
   [0 0 0 3 1 0 0 0])
  ("import" .
   [18 0 2 3 0 0])
  ("open" .
   [24 0 2 0])
  ("let" .
   [3 0 0])
  ("add2Parity" .
   [0 0 0 0 1 0 0 0 0 0])
  ("parityUniqueEvenStep" .
   [0 0 0 0 0 0 0 0 0 0 0 0 0 0 0 0 0 0 0 2])
  ("≅-to-≡" .
   [0 0 0 0 0 1])
  ("load" .
   [1 0 0 0])
  ("recℕ" .
   [2 0 0 3])
  ("suc" .
   [7 0 2])
  ("zero" .
   [2 0 0 1])
  ("ack" .
   [4 0 0])
  ("inner" .
   [5 0 0 0 0])
  ("n-path" .
   [2 0 0 0 0 0])
  ("ℕ→Level" .
   [3 0 0 0 0 0 0])
  ("Type" .
   [11 0 0 0])
  ("witness" .
   [3 0 0 0 0 0 0])
  ("ab-c" .
   [1 0 1 1])
  ("Sigma" .
   [2 0 0 0 3])
  ("proof" .
   [1 0 0 0 0])
  ("BitString" .
   [1 0 0 3 0 1 0 0 0])
  ("Vec" .
   [3 0 0])
  ("xor" .
   [4 0 0])
  ("false" .
   [2 0 0 0 0])
  ("true" .
   [2 0 0 0])
  ("xorS" .
   [3 0 0 0])
  ("xor-inv" .
   [1 0 0 0 0 0 0])
  ("xorS-inv" .
   [1 0 0 0 0 0 0 0])
  ("mkFun" .
   [2 0 0 0 0])
  ("lemma" .
   [1 0 0 0 0])
  ("setq" .
   [1 0 0 0])
  ("helm-mode" .
   [1 0 0 0 0 0 0 0 0])
  ("helm-mode-handle-completion-in-region" .
   [0 0 0 0 0 0 0 0 0 0 0 0 0 0 0 0 0 0 0 0 0 0 0 0 0 0 0 0 0 0 0 0 0 0 0 0 1])
  ("nil" .
   [1 0 0])))
